
1  0.00000 0.12524 0.12524 0.12524 0.12524 0.12524 0.12524 0.12524
2  0.00000 0.20324 0.20324 0.20324 0.20324 0.20324 0.20324 0.20324
3  0.00000 0.29293 0.29293 0.29293 0.29293 0.29293 0.29293 0.29293
4  0.00000 0.39457 0.39457 0.39457 0.39457 0.39457 0.39457 0.39457
5  0.00000 0.50698 0.50698 0.50698 0.50698 0.50698 0.50698 0.50698
6  0.00000 0.61207 0.62672 0.62672 0.62672 0.62672 0.62672 0.61285
7  0.00000 0.73187 0.74764 0.74764 0.74764 0.74764 0.74764 0.72358
8  0.00000 0.85413 0.86147 0.86147 0.86147 0.86147 0.86147 0.83864
9  0.00000 0.96025 0.95986 0.95986 0.95986 0.95986 0.95986 0.92988
