   0.00000E+00   0.29011E+03   0.21378E+03   0.92037E-01   0.33480E-02   0.20226E+03   0.18407E-03   0.00000E+00
   0.00000E+00   0.29011E+03   0.21378E+03   0.92037E-01   0.33480E-02   0.20226E+03   0.18407E-03   0.00000E+00
   0.00000E+00   0.29011E+03   0.21378E+03   0.92037E-01   0.33480E-02   0.20226E+03   0.18407E-03   0.00000E+00
   0.00000E+00   0.29011E+03   0.21378E+03   0.92037E-01   0.33480E-02   0.20226E+03   0.18407E-03   0.00000E+00
   0.00000E+00   0.29011E+03   0.21378E+03   0.92037E-01   0.33480E-02   0.20226E+03   0.18407E-03   0.00000E+00
   0.00000E+00   0.29011E+03   0.21378E+03   0.92037E-01   0.33480E-02   0.20226E+03   0.18407E-03   0.00000E+00
   0.00000E+00   0.29011E+03   0.21378E+03   0.92037E-01   0.33480E-02   0.20226E+03   0.18407E-03   0.00000E+00
   0.00000E+00   0.29011E+03   0.21378E+03   0.92037E-01   0.33480E-02   0.20226E+03   0.18407E-03   0.00000E+00
   0.00000E+00   0.29011E+03   0.21378E+03   0.92037E-01   0.33480E-02   0.20226E+03   0.18407E-03   0.00000E+00
   0.00000E+00   0.29011E+03   0.21378E+03   0.92037E-01   0.33480E-02   0.20226E+03   0.18407E-03   0.00000E+00
   0.00000E+00   0.29011E+03   0.21378E+03   0.92037E-01   0.33480E-02   0.20226E+03   0.18407E-03   0.00000E+00
   0.00000E+00   0.29011E+03   0.21378E+03   0.92037E-01   0.33480E-02   0.20226E+03   0.18407E-03   0.00000E+00
   0.00000E+00   0.29011E+03   0.21378E+03   0.92037E-01   0.33480E-02   0.20226E+03   0.18407E-03   0.00000E+00
   0.00000E+00   0.29011E+03   0.21378E+03   0.92037E-01   0.33480E-02   0.20226E+03   0.18221E-03   0.00000E+00
   0.00000E+00   0.29011E+03   0.20513E+03   0.88304E-01   0.32119E-02   0.20196E+03   0.17474E-03   0.00000E+00
   0.00000E+00   0.29011E+03   0.18783E+03   0.80838E-01   0.29398E-02   0.20138E+03   0.16354E-03   0.00000E+00
   0.00000E+00   0.29011E+03   0.17917E+03   0.77106E-01   0.28037E-02   0.20110E+03   0.15608E-03   0.00000E+00
   0.00000E+00   0.29011E+03   0.17917E+03   0.77106E-01   0.28037E-02   0.20110E+03   0.15421E-03   0.00000E+00
   0.00000E+00   0.29011E+03   0.17917E+03   0.77106E-01   0.28037E-02   0.20110E+03   0.15421E-03   0.00000E+00
   0.00000E+00   0.29011E+03   0.17917E+03   0.77106E-01   0.28037E-02   0.20110E+03   0.15421E-03   0.00000E+00
   0.00000E+00   0.29011E+03   0.17917E+03   0.77106E-01   0.28037E-02   0.20110E+03   0.15421E-03   0.00000E+00
   0.00000E+00   0.29011E+03   0.17917E+03   0.77106E-01   0.28037E-02   0.20110E+03   0.15421E-03   0.00000E+00
   0.00000E+00   0.29011E+03   0.17917E+03   0.77106E-01   0.28037E-02   0.20110E+03   0.15421E-03   0.00000E+00
   0.00000E+00   0.29011E+03   0.17917E+03   0.77106E-01   0.28037E-02   0.20110E+03   0.15421E-03   0.00000E+00
   0.00000E+00   0.29011E+03   0.17917E+03   0.77106E-01   0.28037E-02   0.20110E+03   0.15421E-03   0.00000E+00
   0.00000E+00   0.29011E+03   0.17917E+03   0.77106E-01   0.28037E-02   0.20110E+03   0.15608E-03   0.00000E+00
   0.00000E+00   0.29011E+03   0.18783E+03   0.80838E-01   0.29398E-02   0.20138E+03   0.16354E-03   0.00000E+00
   0.00000E+00   0.29011E+03   0.20513E+03   0.88304E-01   0.32119E-02   0.20196E+03   0.17474E-03   0.00000E+00
   0.00000E+00   0.29011E+03   0.21378E+03   0.92037E-01   0.33480E-02   0.20226E+03   0.18221E-03   0.00000E+00
   0.00000E+00   0.29011E+03   0.21378E+03   0.92037E-01   0.33480E-02   0.20226E+03   0.18407E-03   0.00000E+00
   0.00000E+00   0.29011E+03   0.21378E+03   0.92037E-01   0.33480E-02   0.20226E+03   0.18407E-03   0.00000E+00
   0.00000E+00   0.29011E+03   0.21378E+03   0.92037E-01   0.33480E-02   0.20226E+03   0.18407E-03   0.00000E+00
   0.00000E+00   0.29011E+03   0.21378E+03   0.92037E-01   0.33480E-02   0.20226E+03   0.18407E-03   0.00000E+00
   0.00000E+00   0.29011E+03   0.21378E+03   0.92037E-01   0.33480E-02   0.20226E+03   0.18407E-03   0.00000E+00
   0.00000E+00   0.29011E+03   0.21378E+03   0.92037E-01   0.33480E-02   0.20226E+03   0.18407E-03   0.00000E+00
   0.00000E+00   0.29011E+03   0.21378E+03   0.92037E-01   0.33480E-02   0.20226E+03   0.18407E-03   0.00000E+00
   0.00000E+00   0.29011E+03   0.21378E+03   0.92037E-01   0.33480E-02   0.20226E+03   0.18407E-03   0.00000E+00
   0.00000E+00   0.29011E+03   0.21378E+03   0.92037E-01   0.33480E-02   0.20226E+03   0.18407E-03   0.00000E+00
   0.00000E+00   0.29011E+03   0.21378E+03   0.92037E-01   0.33480E-02   0.20226E+03   0.18407E-03   0.00000E+00
   0.00000E+00   0.29011E+03   0.21378E+03   0.92037E-01   0.33480E-02   0.20226E+03   0.18407E-03   0.00000E+00
   0.00000E+00   0.29011E+03   0.21378E+03   0.92037E-01   0.33480E-02   0.20226E+03   0.18407E-03   0.00000E+00
   0.00000E+00   0.29011E+03   0.21378E+03   0.92037E-01   0.33480E-02   0.20226E+03   0.18407E-03   0.00000E+00
   0.00000E+00   0.29011E+03   0.21378E+03   0.92037E-01   0.33480E-02   0.20226E+03   0.18407E-03   0.00000E+00
   0.00000E+00   0.29011E+03   0.21378E+03   0.92037E-01   0.33480E-02   0.20226E+03   0.18407E-03   0.00000E+00
   0.00000E+00   0.29011E+03   0.21378E+03   0.92037E-01   0.33480E-02   0.20226E+03   0.18407E-03   0.00000E+00
   0.00000E+00   0.29011E+03   0.21378E+03   0.92037E-01   0.33480E-02   0.20226E+03   0.18407E-03   0.00000E+00
   0.00000E+00   0.29011E+03   0.21378E+03   0.92037E-01   0.33480E-02   0.20226E+03   0.18407E-03   0.00000E+00
   0.00000E+00   0.29011E+03   0.21378E+03   0.92037E-01   0.33480E-02   0.20226E+03   0.18407E-03   0.00000E+00
   0.00000E+00   0.29011E+03   0.21378E+03   0.92037E-01   0.33480E-02   0.20226E+03   0.18407E-03   0.00000E+00
   0.00000E+00   0.29011E+03   0.21378E+03   0.92037E-01   0.33480E-02   0.20226E+03   0.18407E-03   0.00000E+00
   0.00000E+00   0.29011E+03   0.21378E+03   0.92037E-01   0.33480E-02   0.20226E+03   0.18407E-03   0.00000E+00
   0.00000E+00   0.29011E+03   0.21378E+03   0.92037E-01   0.33480E-02   0.20226E+03   0.18407E-03   0.00000E+00
   0.00000E+00   0.29011E+03   0.21378E+03   0.92037E-01   0.33480E-02   0.20226E+03   0.18407E-03   0.00000E+00
   0.00000E+00   0.29011E+03   0.21378E+03   0.92037E-01   0.33480E-02   0.20226E+03   0.18407E-03   0.00000E+00
   0.00000E+00   0.29011E+03   0.21378E+03   0.92037E-01   0.33480E-02   0.20226E+03   0.18407E-03   0.00000E+00
   0.00000E+00   0.29011E+03   0.21378E+03   0.92037E-01   0.33480E-02   0.20226E+03   0.18407E-03   0.00000E+00
   0.00000E+00   0.29011E+03   0.21378E+03   0.92037E-01   0.33480E-02   0.20226E+03   0.18407E-03   0.00000E+00
   0.00000E+00   0.29011E+03   0.21378E+03   0.92037E-01   0.33480E-02   0.20226E+03   0.18407E-03   0.00000E+00
   0.00000E+00   0.29011E+03   0.21378E+03   0.92037E-01   0.33480E-02   0.20226E+03   0.18407E-03   0.00000E+00
   0.00000E+00   0.29011E+03   0.21378E+03   0.92037E-01   0.33480E-02   0.20226E+03   0.18407E-03   0.00000E+00
  -0.77947E-04   0.29041E+03   0.50000E+01   0.26753E-01   0.63787E-01   0.75654E+02   0.53457E-04  -0.90699E+00
   0.79851E-04   0.29041E+03   0.50000E+01   0.26649E-01   0.63801E-01   0.74760E+02   0.53171E-04   0.86071E+00
  -0.80457E-04   0.29041E+03   0.50000E+01   0.26291E-01   0.63770E-01   0.73077E+02   0.52451E-04  -0.81640E+00
   0.76797E-04   0.29041E+03   0.50000E+01   0.25670E-01   0.63682E-01   0.72165E+02   0.51318E-04   0.75752E+00
  -0.72302E-04   0.29040E+03   0.50000E+01   0.25005E-01   0.63566E-01   0.71478E+02   0.50180E-04  -0.70468E+00
   0.69779E-04   0.29040E+03   0.50000E+01   0.24679E-01   0.63462E-01   0.71975E+02   0.49717E-04   0.63130E+00
  -0.67232E-04   0.29039E+03   0.50000E+01   0.25073E-01   0.63390E-01   0.72422E+02   0.50653E-04  -0.57209E+00
   0.14208E-03   0.29038E+03   0.50000E+01   0.26482E-01   0.63353E-01   0.75016E+02   0.53702E-04   0.55351E+00
   0.56231E-03   0.29037E+03   0.50000E+01   0.29368E-01   0.63384E-01   0.80380E+02   0.59701E-04   0.50046E-02
   0.46834E-02   0.29036E+03   0.50000E+01   0.34183E-01   0.63542E-01   0.91007E+02   0.69099E-04   0.51021E+01
   0.17620E-01   0.29035E+03   0.50000E+01   0.40464E-01   0.63790E-01   0.10428E+03   0.81009E-04   0.26846E+02
   0.52556E-01   0.29034E+03   0.50000E+01   0.46906E-01   0.63951E-01   0.11979E+03   0.93324E-04   0.15459E+03
   0.11231E+00   0.29031E+03   0.50000E+01   0.52371E-01   0.63822E-01   0.13389E+03   0.10420E-03   0.57484E+03
   0.13691E+00   0.29027E+03   0.50000E+01   0.56761E-01   0.63144E-01   0.14752E+03   0.10931E-03   0.84969E+03
   0.10949E+00   0.29028E+03   0.50000E+01   0.52733E-01   0.52680E-01   0.15505E+03   0.10136E-03   0.81197E+03
   0.49940E-01   0.29066E+03   0.50000E+01   0.40498E-01   0.33023E-01   0.15094E+03   0.84802E-04   0.40055E+03
   0.18874E-01   0.29066E+03   0.50000E+01   0.35875E-01   0.22773E-01   0.14049E+03   0.75698E-04   0.14016E+03
   0.11300E-01   0.29055E+03   0.60646E+01   0.39147E-01   0.21383E-01   0.13644E+03   0.78363E-04   0.66454E+02
   0.87351E-02   0.29045E+03   0.79110E+01   0.42558E-01   0.19367E-01   0.13892E+03   0.84926E-04   0.61718E+02
   0.94249E-02   0.29036E+03   0.10432E+02   0.45589E-01   0.16849E-01   0.14528E+03   0.90848E-04   0.58676E+02
   0.94592E-02   0.29030E+03   0.13553E+02   0.47959E-01   0.14349E-01   0.15353E+03   0.95703E-04   0.50538E+02
   0.10277E-01   0.29026E+03   0.17027E+02   0.49900E-01   0.12363E-01   0.16223E+03   0.99604E-04   0.45518E+02
   0.10065E-01   0.29024E+03   0.20504E+02   0.51449E-01   0.10913E-01   0.17179E+03   0.10269E-03   0.37678E+02
   0.10485E-01   0.29022E+03   0.23916E+02   0.52581E-01   0.97716E-02   0.18061E+03   0.10504E-03   0.33696E+02
   0.10067E-01   0.29021E+03   0.28101E+02   0.53464E-01   0.85974E-02   0.18994E+03   0.10658E-03   0.30735E+02
   0.10608E-01   0.29018E+03   0.32120E+02   0.53651E-01   0.75738E-02   0.19804E+03   0.11137E-03   0.85070E+02
   0.11323E-01   0.29007E+03   0.21014E+02   0.61967E-01   0.15438E-01   0.20823E+03   0.12783E-03   0.18192E+03
   0.12645E-01   0.28960E+03   0.15493E+02   0.78065E-01   0.33178E-01   0.22369E+03   0.15043E-03   0.21304E+03
   0.11448E-01   0.28958E+03   0.12807E+02   0.82765E-01   0.45109E-01   0.24210E+03   0.16025E-03   0.15863E+03
   0.95066E-02   0.28969E+03   0.10037E+02   0.76911E-01   0.49722E-01   0.25432E+03   0.15366E-03   0.11104E+03
   0.70307E-02   0.28981E+03   0.78798E+01   0.70744E-01   0.53608E-01   0.26032E+03   0.14142E-03   0.66952E+02
   0.56690E-02   0.28991E+03   0.62129E+01   0.64437E-01   0.56431E-01   0.25811E+03   0.12883E-03   0.47815E+02
   0.42741E-02   0.28999E+03   0.50000E+01   0.58046E-01   0.58178E-01   0.24822E+03   0.11592E-03   0.27907E+02
   0.35438E-02   0.29005E+03   0.50000E+01   0.51302E-01   0.59079E-01   0.22700E+03   0.10239E-03   0.22220E+02
   0.25722E-02   0.29007E+03   0.50000E+01   0.44133E-01   0.59362E-01   0.18711E+03   0.88241E-04   0.11114E+02
   0.20936E-02   0.29008E+03   0.50000E+01   0.36914E-01   0.59250E-01   0.12365E+03   0.74126E-04   0.10412E+02
   0.14131E-02   0.29007E+03   0.50000E+01   0.30291E-01   0.58968E-01   0.85752E+02   0.61120E-04   0.33072E+01
   0.11488E-02   0.29007E+03   0.50000E+01   0.24744E-01   0.58715E-01   0.66738E+02   0.50073E-04   0.51364E+01
   0.75225E-03   0.29007E+03   0.50000E+01   0.20368E-01   0.58603E-01   0.51124E+02   0.41276E-04   0.24453E+00
   0.64114E-03   0.29008E+03   0.50000E+01   0.17071E-01   0.58660E-01   0.44089E+02   0.34685E-04   0.30629E+01
   0.42574E-03   0.29010E+03   0.50000E+01   0.14859E-01   0.58863E-01   0.41955E+02   0.30314E-04  -0.79788E+00
   0.41015E-03   0.29013E+03   0.50000E+01   0.13840E-01   0.59185E-01   0.44553E+02   0.28239E-04   0.22152E+01
   0.28796E-03   0.29015E+03   0.50000E+01   0.13939E-01   0.59596E-01   0.50798E+02   0.28230E-04  -0.11305E+01
   0.32260E-03   0.29018E+03   0.50000E+01   0.14742E-01   0.60056E-01   0.57365E+02   0.29578E-04   0.18225E+01
   0.21150E-03   0.29021E+03   0.50000E+01   0.15733E-01   0.60524E-01   0.63272E+02   0.31418E-04  -0.12472E+01
   0.25555E-03   0.29024E+03   0.50000E+01   0.16628E-01   0.60970E-01   0.68379E+02   0.33224E-04   0.15888E+01
   0.13445E-03   0.29027E+03   0.50000E+01   0.17459E-01   0.61377E-01   0.73283E+02   0.35006E-04  -0.12948E+01
   0.18377E-03   0.29029E+03   0.50000E+01   0.18466E-01   0.61746E-01   0.78531E+02   0.37159E-04   0.14399E+01
   0.68321E-04   0.29031E+03   0.50000E+01   0.19927E-01   0.62080E-01   0.84488E+02   0.40267E-04  -0.13001E+01
   0.12636E-03   0.29032E+03   0.50000E+01   0.22214E-01   0.62381E-01   0.92082E+02   0.45234E-04   0.13393E+01
   0.16911E-04   0.29033E+03   0.50000E+01   0.26113E-01   0.62657E-01   0.10061E+03   0.53212E-04  -0.12788E+01
   0.91109E-04   0.29032E+03   0.50000E+01   0.31985E-01   0.62891E-01   0.11385E+03   0.63917E-04   0.12746E+01
  -0.34839E-04   0.29030E+03   0.50000E+01   0.37751E-01   0.62964E-01   0.12856E+03   0.73653E-04  -0.12478E+01
   0.73079E-04   0.29028E+03   0.50000E+01   0.39818E-01   0.62779E-01   0.14471E+03   0.77321E-04   0.12224E+01
  -0.65616E-04   0.29026E+03   0.50000E+01   0.37254E-01   0.62498E-01   0.15262E+03   0.73630E-04  -0.11992E+01
   0.66447E-04   0.29028E+03   0.50000E+01   0.32933E-01   0.62427E-01   0.15032E+03   0.66479E-04   0.11712E+01
  -0.64807E-04   0.29031E+03   0.50000E+01   0.29837E-01   0.62657E-01   0.14295E+03   0.60527E-04  -0.11496E+01
   0.65059E-04   0.29035E+03   0.50000E+01   0.28445E-01   0.63013E-01   0.13809E+03   0.57316E-04   0.11225E+01
  -0.67367E-04   0.29037E+03   0.50000E+01   0.27905E-01   0.63326E-01   0.12725E+03   0.55923E-04  -0.10998E+01
   0.68244E-04   0.29039E+03   0.50000E+01   0.27591E-01   0.63542E-01   0.98445E+02   0.55191E-04   0.10706E+01
   0.13768E-03   0.29043E+03   0.50000E+01   0.23090E-01   0.63669E-01   0.61087E+02   0.46351E-04   0.26036E+02
   0.27355E-03   0.29043E+03   0.50000E+01   0.23271E-01   0.63720E-01   0.63191E+02   0.46698E-04   0.30197E+02
   0.13541E-03   0.29044E+03   0.50000E+01   0.23763E-01   0.63865E-01   0.65275E+02   0.47739E-04   0.25949E+02
   0.32807E-03   0.29046E+03   0.50000E+01   0.24680E-01   0.64135E-01   0.66303E+02   0.49724E-04   0.29056E+02
   0.11405E-03   0.29048E+03   0.50000E+01   0.26326E-01   0.64544E-01   0.65366E+02   0.52938E-04   0.25478E+02
   0.46853E-03   0.29051E+03   0.50000E+01   0.28545E-01   0.65007E-01   0.61358E+02   0.56532E-04   0.27759E+02
   0.60608E-04   0.29053E+03   0.50000E+01   0.29648E-01   0.65266E-01   0.54901E+02   0.57537E-04   0.26068E+02
   0.49982E-03   0.29053E+03   0.50000E+01   0.27232E-01   0.65042E-01   0.48365E+02   0.53065E-04   0.31127E+02
   0.19699E-03   0.29050E+03   0.50000E+01   0.22016E-01   0.64419E-01   0.45770E+02   0.44821E-04   0.37812E+02
   0.89655E-03   0.29047E+03   0.50000E+01   0.18377E-01   0.63858E-01   0.48914E+02   0.38769E-04   0.66220E+02
   0.32316E-02   0.29045E+03   0.50000E+01   0.18766E-01   0.63625E-01   0.56305E+02   0.38891E-04   0.14496E+03
   0.16829E-01   0.29043E+03   0.50000E+01   0.21871E-01   0.63546E-01   0.64752E+02   0.44348E-04   0.47570E+03
   0.51534E-01   0.29039E+03   0.50000E+01   0.26188E-01   0.63334E-01   0.74287E+02   0.52797E-04   0.14805E+04
   0.77332E-01   0.29033E+03   0.50000E+01   0.31348E-01   0.62709E-01   0.85808E+02   0.60502E-04   0.22485E+04
   0.73336E-01   0.29033E+03   0.50000E+01   0.32120E-01   0.52741E-01   0.93894E+02   0.61843E-04   0.21437E+04
   0.44225E-01   0.29071E+03   0.50000E+01   0.28098E-01   0.33800E-01   0.95024E+02   0.58831E-04   0.10557E+04
   0.28141E-01   0.29071E+03   0.50000E+01   0.29345E-01   0.23737E-01   0.10006E+03   0.61324E-04   0.38874E+03
   0.27769E-01   0.29061E+03   0.50000E+01   0.35859E-01   0.22356E-01   0.11503E+03   0.71304E-04   0.25388E+03
   0.31070E-01   0.29052E+03   0.69712E+01   0.41546E-01   0.20951E-01   0.13662E+03   0.82091E-04   0.23288E+03
   0.34437E-01   0.29046E+03   0.87366E+01   0.45232E-01   0.19810E-01   0.15968E+03   0.89430E-04   0.21132E+03
   0.33993E-01   0.29042E+03   0.97346E+01   0.46851E-01   0.19072E-01   0.17875E+03   0.93062E-04   0.18068E+03
   0.32055E-01   0.29041E+03   0.10023E+02   0.47191E-01   0.18794E-01   0.19037E+03   0.94061E-04   0.15701E+03
   0.28651E-01   0.29042E+03   0.98171E+01   0.46890E-01   0.18943E-01   0.19302E+03   0.93496E-04   0.13109E+03
   0.25497E-01   0.29044E+03   0.92368E+01   0.46022E-01   0.19397E-01   0.18142E+03   0.91615E-04   0.11324E+03
   0.21807E-01   0.29047E+03   0.82595E+01   0.44298E-01   0.20099E-01   0.16062E+03   0.87764E-04   0.96717E+02
   0.19021E-01   0.29053E+03   0.67417E+01   0.40910E-01   0.21006E-01   0.14509E+03   0.84779E-04   0.24395E+03
   0.17672E-01   0.29051E+03   0.51693E+01   0.43439E-01   0.30885E-01   0.14287E+03   0.90520E-04   0.51083E+03
   0.17379E-01   0.29012E+03   0.50000E+01   0.53251E-01   0.49947E-01   0.15644E+03   0.10320E-03   0.57422E+03
   0.15276E-01   0.29011E+03   0.50000E+01   0.56452E-01   0.60445E-01   0.17724E+03   0.11004E-03   0.43470E+03
