             64
              1
             32
           5000
              1
              1
             20
              1
              1
            200
              0
              0
              0
              0
            100
              1
            720
              1
              0
              1
              1
              1
              0
             16
              8
             45
             27
              1
              2
              1
              1
              2
              5
              3
             13
              1
           5000
              1
           2000
              1
              2
              1
              0
              1
              1
              1
              1
              1
              4
              1
              0
             20
             20
             20
              0
              2
              3
              5
             30
          18960.0000
            120.0000
              0.0000
           8000.0000
           7000.0000
              0.0000
           5000.0000
           1000.0000
              0.0000
             13.6225
              0.1000
              0.3000
            120.0000
           1000.0000
              7.0000
              0.0000
            290.0000
            295.0000
             60.0000
           2000.0000
              0.5000
              2.8000
          45000.0000
              2.0000
          20000.0000
