
 CYCLE NUMBER   10 MODEL TIME IN  HOURS  0.06

 DIAGONAL ELEMENTS OF U 

 -0.3011990E-02 -0.6250242E-01 -0.1181564E+00 -0.1666380E+00 -0.2050416E+00 -0.2310652E+00 -0.2431490E+00 -0.2405689E+00
 -0.2234794E+00 -0.1929048E+00 -0.1506778E+00 -0.9932923E-01 -0.4193685E-01  0.1805938E-01  0.7706344E-01  0.1315388E+00
  0.1782203E+00  0.2143099E+00  0.2376447E+00  0.2468259E+00  0.2413032E+00  0.2214077E+00  0.1883318E+00  0.1440580E+00
  0.9124006E-01  0.3304366E-01 -0.2704303E-01 -0.8541857E-01 -0.1385841E+00 -0.1833529E+00 -0.2170418E+00 -0.2376315E+00
 -0.2438878E+00 -0.2354359E+00 -0.2127823E+00 -0.1772848E+00 -0.1310710E+00 -0.7691087E-01 -0.1805064E-01  0.4198177E-01
  0.9958815E-01  0.1513157E+00  0.1940641E+00  0.2252710E+00  0.2430660E+00  0.2463825E+00  0.2350217E+00  0.2096646E+00
  0.1718309E+00  0.1237884E+00  0.6841661E-01  0.9034355E-02
